Tour 1:
[10 6 2 1 5 8 4 3 7 9 13 14 16 24 27 25 20 26 28 29 23 22 21 17 18 19 15 12 11 10]
Total Cost: 27586

Tour 2:
[3 7 9 13 14 17 20 16 24 27 25 26 28 29 21 23 22 18 19 15 12 11 10 6 2 1 5 8 4 3]
Total Cost: 27586

Tour 3:
[2 1 5 8 4 3 7 9 13 14 17 20 16 24 27 25 26 28 29 21 23 22 18 19 15 12 11 10 6 2]
Total Cost: 27586

Tour 4:
[14 16 24 27 25 20 26 28 29 23 22 21 17 18 19 15 13 9 7 3 4 8 5 1 2 6 10 11 12 14]
Total Cost: 27586

Tour 5:
[11 10 6 2 1 5 8 4 3 7 9 13 14 16 24 27 25 20 26 28 29 23 22 21 17 18 19 15 12 11]
Total Cost: 27586

Tour 6:
[4 3 7 9 13 14 17 21 22 23 29 28 26 25 27 24 16 20 18 19 15 12 11 10 6 2 1 5 8 4]
Total Cost: 27586

Tour 7:
[2 6 10 11 12 15 19 18 17 20 16 24 27 25 26 28 29 23 22 21 14 13 9 7 3 4 8 5 1 2]
Total Cost: 27586

Tour 8:
[23 22 18 19 15 11 10 6 2 1 5 4 3 7 9 8 12 13 14 17 20 16 24 27 25 26 28 29 21 23]
Total Cost: 27586

Tour 9:
[13 9 7 3 4 8 5 1 2 6 10 11 12 20 16 24 27 25 26 28 29 21 23 22 19 15 18 17 14 13]
Total Cost: 27586

Tour:
[15 12 11 10 6 2 1 5 8 4 3 7 9 13 14 17 18 21 20 16 24 27 25 26 28 29 23 22 19 15]
Total Cost: 27586

Average Cost per Run: 27586
Standard Deviation: 0.0
