1 21498.3643 11548.3114
2 24702.0715 19520.3184
3 26040.4248 13160.9009
4 25888.941 10729.1089
5 24496.7468 17361.8202
6 27827.1316 17328.4517
7 21129.4492 10695.4727
8 23468.0704 16513.9676
9 20008.7534 12499.32
10 29242.067 12297.686
11 28207.8599 12603.618
12 25001.8734 15198.342
13 22641.5819 12345.4565
14 26452.7891 10877.3311
15 24228.5419 17637.906
16 22716.5644 12739.1451
17 29636.4463 13860.1556
18 26044.5723 16864.3852
19 29753.9073 19473.8162
20 20094.5785 14733.052
21 23885.542 11396.5875
22 29654.9459 16490.2157
23 24316.1407 18219.9838
24 22766.7338 11407.0065
25 29059.4262 19456.5034
26 27641.4279 13912.922
27 26358.8881 10180.5425
28 22254.5497 11993.919
29 29235.8086 19977.4666
30 22699.7447 10884.9216
31 28179.6195 19211.9143
32 24835.1561 13506.8694
33 28295.6811 19270.6606
34 27503.7945 17685.1183
35 24648.1724 15392.2712
36 22862.524 19232.902
37 23008.0001 16132.3177
38 23109.6129 13717.4808
39 24568.193 11344.2971
40 25151.0278 19500.6321
41 24753.2463 11170.7791
42 20425.8341 16009.8259
43 24336.2586 15224.4578
44 29745.4479 14599.4771
45 29754.397 10968.8641
46 21969.7638 12657.812
47 26299.9998 17605.6328
48 26631.5773 16244.5983
49 22853.946 15914.4755
50 24427.3749 14505.2285
51 20243.1196 12559.2624
52 21894.7448 10548.7384
53 22350.824 12928.1517
54 24169.834 19884.2037
55 23081.0647 17073.3209
56 20637.2255 18829.9522
57 22542.0357 13062.8888
58 23378.0905 16614.0045
59 23812.8754 15070.9206
60 21273.7336 18840.8498
61 24703.4039 17578.3195
62 27957.4913 12641.2008
63 23539.4609 12767.7356
64 21075.2078 16152.3057
65 28520.2314 16504.9543
66 21399.8745 14637.9234
67 27105.4861 17208.3365
68 28979.6451 10025.0707
69 25482.915 19345.8599
70 21836.9853 17416.4173
71 29282.4274 12098.624
72 25058.7852 16738.4565
73 24706.6767 16515.5455
74 22301.6982 14075.4133
75 28476.7464 15363.5012
76 27116.765 13390.0229
77 21061.8757 13586.8522
78 21440.991 17947.1897
79 25301.1998 16500.6279
80 25186.9292 12488.9101
81 25795.297 15870.4894
82 20055.2926 12098.2505
83 24779.965 12774.1799
84 24932.2711 19245.7254
85 20272.3271 11550.6977
86 27690.6661 17904.0524
87 21376.7913 17906.1109
88 22168.7911 11847.8851
89 23212.9872 10747.8641
90 21565.988 13746.6972
91 29099.0246 16913.6805
92 22505.3678 14935.0414
93 21484.1565 13953.1469
94 20510.3788 11808.228
95 24090.5695 11847.3245
96 23039.6909 15169.1116
97 21101.8869 11014.7543
98 27337.0514 13567.8919
99 22059.1161 14538.4263
100 24581.2948 18357.3396
