1 27564.2453 19675.8345
2 29201.8857 10904.0842
3 21784.2837 15860.3305
4 23596.5063 16509.2666
5 26058.6906 16444.5669
6 23791.6929 14196.1044
7 26255.6414 19068.6753
8 25139.6196 19309.2243
9 28269.2148 16545.5931
10 28476.8532 17550.9932
11 24737.2559 11101.8058
12 29061.0281 17488.9022
13 21540.1358 17653.8834
14 25064.3889 16358.9039
15 21416.1129 18877.8669
16 23696.4419 15137.4848
17 29806.4354 19740.8704
18 20470.1048 13214.5644
19 21814.3025 16427.6048
20 23382.1009 14997.6716
21 22613.0704 14603.9237
22 29715.6024 16336.5402
23 27564.1186 14459.6363
24 27315.3109 16425.9154
25 26906.2385 14062.7975
26 26478.5937 16025.5804
27 20057.3341 13694.6439
28 29233.4159 16293.7668
29 29413.7481 13766.2494
30 27369.7277 13693.6094
31 29724.8936 15958.6172
32 24731.913 10312.0075
33 28867.4397 17377.6221
34 23409.1426 13929.4635
35 27145.5386 18232.3984
36 25085.5703 19853.4306
37 21324.1185 17182.1593
38 20778.7103 18815.3933
39 24246.8362 16339.1453
40 24927.6224 14957.8271
41 24512.0608 15527.3476
42 29760.9171 11097.9143
43 25197.8712 19012.9632
44 22176.4074 10734.5507
45 27519.2789 19960.7014
46 24664.3038 16125.6461
47 23291.2232 11828.5991
48 23676.8576 13133.9435
49 22148.4456 16368.0362
50 21262.7715 14981.262
51 22066.3312 10646.6667
52 22615.911 15577.5572
53 29136.3401 15121.1323
54 24296.707 18178.4623
55 29666.903 18039.0021
56 27543.9186 18110.6032
57 29248.3639 16028.817
58 28383.081 12051.2672
59 20242.3698 11995.8625
60 25428.6774 16759.0676
61 22561.0128 17049.8693
62 25281.2554 11914.6059
63 29512.3058 13585.2213
64 23180.0423 13596.3592
65 22090.4749 11798.0018
66 26225.8209 18113.7141
67 28297.3357 19519.9474
68 21292.1766 18881.7096
69 26448.8159 18017.1182
70 29932.6273 11194.7376
71 28755.6603 17187.3812
72 28791.2861 13680.8432
73 27120.1922 15389.3977
74 21610.2621 14749.8934
75 23318.7738 11138.1022
76 24245.9036 10574.8639
77 27381.5038 12949.4511
78 22210.3284 16899.5846
79 24693.1205 19959.7916
80 29725.1839 14207.1258
81 25926.2997 19806.4792
82 20312.24 10143.9933
83 27647.3633 17193.8112
84 23788.4517 15138.5867
85 22606.6763 15428.5178
86 23726.2823 17476.0817
87 20955.4489 15777.9392
88 29751.3265 11689.8419
89 23010.7365 12582.9907
90 25279.0275 16087.477
91 21202.6604 19264.5788
92 28117.8623 18189.397
93 21411.5835 17070.9011
94 23244.6804 13521.0235
95 22297.2195 16660.2985
96 20429.8609 18877.9003
97 26500.7032 18969.2882
98 27633.7911 13705.7535
99 20201.3527 12863.3617
100 27608.3855 12765.0759
101 26057.6499 14669.5024
102 20855.9713 11451.9436
103 25984.2761 10435.1063
104 29883.9681 16671.1458
105 29732.3831 12880.5996
106 27119.2451 15730.854
107 26795.1924 18985.9573
108 22079.4095 13662.7598
109 21260.7833 17436.7648
110 20831.4993 18888.4091
111 26197.0324 11563.1686
112 28905.2738 12462.8311
113 23970.5294 12769.3793
114 20875.2692 11584.397
115 26374.6715 10525.1949
116 21210.2234 17905.7166
117 26360.1184 15501.9572
118 21350.3588 15999.7751
119 25924.3611 15743.3454
120 29715.0044 17678.4739
121 27152.5977 17623.6593
122 24925.7551 10938.269
123 25650.1918 13773.5418
124 23492.9022 10885.0543
125 21572.0565 19618.8954
126 28029.8804 17552.0306
127 29342.7949 14608.2173
128 21648.2147 19905.9118
129 21758.6589 19213.9592
130 20321.0351 16380.7565
131 27288.7482 17276.7677
132 29800.5684 10832.4493
133 29148.6418 16480.3361
134 21335.2546 16810.3903
135 20773.6061 10295.2285
136 28283.6952 14897.9987
137 24567.4092 16787.7694
138 27893.3173 15961.5784
139 25241.7412 15578.9601
140 20937.3936 15878.7868
141 29019.3478 17140.964
142 26103.7726 18231.9631
143 23452.7536 17120.8139
144 21433.8562 19659.7826
145 20482.9119 10223.2674
146 27205.7482 15190.5216
147 24743.0549 19670.9764
148 25780.7457 18092.2107
149 21044.5721 15354.092
150 23193.1135 16987.1165
151 21841.0957 16529.0748
152 25683.9375 12918.2151
153 27470.374 17823.8323
154 20436.6856 10114.8299
155 22657.4556 13877.7268
156 22237.3093 16401.4059
157 20493.3977 17842.3872
158 20180.4387 11732.2041
159 28363.5997 18347.5489
160 24369.8594 16314.2174
161 20328.4156 15875.3613
162 21342.5902 19584.0928
163 23621.3773 12972.5431
164 22861.5123 11023.3058
165 20945.4608 12836.3347
166 25864.026 17733.4804
167 29987.7294 13987.7533
168 28023.313 18360.4918
169 25283.5632 14904.7554
170 22074.361 18809.7247
171 27264.7636 13343.7079
172 23348.1737 15386.1402
173 25980.962 13347.8302
174 26101.8856 17727.5703
175 25844.9255 17058.6842
176 22229.2757 18619.3447
177 29106.2482 15819.3284
178 23387.5541 17176.7054
179 22886.7864 10754.1669
180 26767.4374 13844.5388
181 28981.21 18445.8794
182 22080.7818 13474.6398
183 28769.9323 19269.91
184 24016.2088 16396.1542
185 23609.2611 10231.3753
186 22445.7705 19077.052
187 25591.4182 17321.551
188 22773.8641 17908.5607
189 22667.2769 16254.6629
190 28786.3048 16643.2525
191 23328.6313 14302.0321
192 21320.5008 16202.4127
193 20367.1818 18260.7216
194 25280.0701 15155.6304
195 23892.0566 10062.1454
196 26320.653 15054.7308
197 28176.506 14957.4101
198 25771.0185 16041.8322
199 26244.0083 14913.0978
200 26750.2917 13288.7284
201 23320.9417 13638.9126
202 26555.6129 12196.5593
203 26319.4702 18776.6361
204 20642.9581 11916.5902
205 28975.1033 17154.9033
206 21308.79 10953.2977
207 25222.7939 18172.5718
208 20281.5718 13921.4163
209 25764.3967 10798.5563
210 25294.9103 11079.2946
211 27575.9256 19227.8897
212 20071.0659 19170.4357
213 20698.3355 13803.243
214 20944.388 19778.4503
215 23486.2561 18902.9521
216 21204.5902 14327.4808
217 24235.959 15373.4938
218 24091.1128 15322.6138
219 25974.1716 13059.8922
220 23136.7356 15341.4448
221 29298.362 11978.177
222 22358.1491 18867.5048
223 26569.7889 12666.0574
224 29104.2594 13139.1331
225 26169.635 13150.2933
226 20513.4662 14694.5983
227 21550.1929 16864.4771
228 21902.0637 14395.3211
229 28269.5209 14148.0934
230 27686.8651 10215.1962
231 28452.5329 14675.3819
232 29195.9166 14303.5133
233 26981.424 12771.3959
234 21431.1004 13413.8387
235 29609.5921 13878.3492
236 22450.9729 15800.3585
237 26625.6593 19393.3168
238 25503.547 16347.3343
239 23078.3562 18997.2469
240 25355.7796 12559.6454
241 27968.6918 17023.0585
242 28302.6379 19766.3154
243 27490.0567 17097.6088
244 24332.2246 11873.5952
245 23508.6309 15954.4965
246 22105.8781 14816.8448
247 28610.8665 13415.0854
248 25415.6686 16402.7109
249 21136.512 11182.7019
250 26079.3307 11188.3121
251 20462.577 13791.1157
252 21990.1875 16266.9752
253 22362.2201 14995.8691
254 20916.5406 11583.2915
255 24094.6919 14896.9186
256 20334.5139 13623.0444
257 21505.7211 17196.3201
258 23699.4897 17466.6295
259 21812.5869 16222.4169
260 22450.7652 14457.4299
261 22113.9645 19842.1757
262 27505.9167 16570.2107
263 21915.4939 18395.585
264 20732.2635 18114.2327
265 29048.8859 12241.7729
266 29966.6786 16033.103
267 26571.9488 19589.5746
268 23980.6284 14488.2114
269 27584.8528 18758.4259
270 24121.8269 12124.9023
271 22015.8153 18190.3647
272 26254.0178 12440.7682
273 22851.604 15889.7325
274 26785.2059 17563.4322
275 27174.8241 12828.8374
276 26537.3544 19934.4505
277 24018.2465 15564.0518
278 27872.0686 12748.5285
279 21177.8365 14143.3059
280 29108.8834 13811.6607
281 21132.7269 17973.2017
282 29452.4433 19214.2168
283 28179.9434 17891.3309
284 26857.6636 18043.4293
285 29067.3064 17196.5754
286 23696.0692 16367.2274
287 27766.4888 17065.2949
288 21789.4253 12392.4952
289 21676.2248 14397.1239
290 25223.7417 16150.562
291 29973.1737 19569.3361
292 29071.5103 16016.7556
293 25182.6187 13470.6848
294 24132.8949 18522.4124
295 28050.1666 19869.4878
296 28536.861 13568.0201
297 20595.6032 18885.946
298 29221.1111 13994.1878
299 22421.8176 13598.76
300 28576.3711 15881.616
301 29214.686 16149.5382
302 24384.9826 18885.3736
303 28873.8303 18395.7266
304 21320.817 19512.4865
305 27219.4917 19555.9792
306 25428.0003 19872.4134
307 29008.9209 16303.8347
308 22419.4139 17235.426
309 20356.6832 18788.1092
310 28291.8349 15713.6353
311 22947.9903 17855.0402
312 29943.3375 16540.1046
313 29120.849 18001.8993
314 20798.4981 17902.1289
315 22920.0242 10154.5665
316 23420.8362 17985.9553
317 20543.3165 12425.1817
318 29562.2758 10810.0409
319 20383.258 19464.2969
320 24109.8367 19167.1037
321 25224.6104 17256.5151
322 20309.9318 18257.1524
323 22448.467 14588.8942
324 25884.4963 14099.3101
325 24252.0684 18383.3945
326 23470.688 18803.187
327 21530.4581 17197.5891
328 22869.0336 10573.1747
329 26822.2171 18118.3851
330 22058.2134 14723.7911
331 23587.4837 13519.5854
332 24049.1958 11906.4922
333 26361.1159 12639.7561
334 27043.7489 13920.0266
335 25485.302 17133.6478
336 26690.0156 19420.0072
337 24943.6878 10947.7293
338 26719.157 19343.3345
339 21843.6055 17677.1511
340 28291.6816 10247.563
341 28802.843 16845.459
342 22898.9229 15531.5687
343 27908.4044 16578.5112
344 24192.0841 19070.5394
345 22297.5796 19401.9507
346 21620.4876 19797.5061
347 27955.5618 10458.827
348 20652.1416 16734.7497
349 27432.7333 18745.0973
350 26873.3684 19742.3027
351 25433.2536 13739.7117
352 28076.1039 19631.2284
353 27561.8522 12476.2776
354 22756.2157 14948.8877
355 24151.1406 15798.591
356 26360.9626 11609.7519
357 21682.7783 11000.2302
358 20645.1198 14565.6068
359 22652.047 19963.9227
360 27039.551 10567.1072
361 23797.5952 15904.9409
362 24863.5411 19686.3426
363 24245.2395 16745.5877
364 25296.8639 13388.5944
365 20162.2415 17002.4321
366 22824.9089 18128.0377
367 22743.6032 12325.4946
368 20301.808 19035.7648
369 29425.3949 19120.3996
370 27311.7638 16959.8908
371 20306.5337 11460.6811
372 21334.1105 17112.2678
373 28340.7024 14926.4606
374 21740.9256 14450.4861
375 24463.3105 16850.4527
376 23665.2325 19204.1506
377 20537.7544 17098.4589
378 25083.3008 11299.5851
379 29808.032 13878.4901
380 21311.8952 17446.9554
381 27324.4544 18678.8646
382 23519.6425 17724.1231
383 25991.205 13376.0678
384 28293.2054 11305.3467
385 23135.4241 18356.6767
386 25678.2263 12404.772
387 29053.3125 12717.975
388 28289.1384 15358.0073
389 28334.048 10739.0592
390 27204.129 10458.9111
391 21347.3038 12869.5162
392 21688.3344 10417.359
393 24229.57 19138.0926
394 21267.1625 12715.6068
395 23452.3017 10864.9174
396 22072.9017 15670.2115
397 27417.7073 14055.5949
398 26891.0587 18703.8128
399 27580.4819 16030.4927
400 22256.8166 16323.1546
401 25461.0335 11467.7557
402 21280.8758 16774.5011
403 22765.947 12226.8294
404 23646.382 10519.1025
405 26954.9767 14071.1077
406 25454.6731 11769.0531
407 29130.9983 10852.7067
408 24673.8485 10737.0267
409 29546.4171 17315.9875
410 20950.2993 17163.3963
411 22482.6078 18555.8524
412 22903.9476 16707.3285
413 24758.6966 10173.9196
414 24827.9569 15610.9953
415 25342.7074 19061.4285
416 27026.4652 15868.2042
417 20749.402 11150.541
418 24818.5735 17797.594
419 29688.4204 17441.7251
420 21776.3453 10297.8227
421 28876.6782 11188.444
422 24941.6323 12413.5842
423 25860.6379 19565.3405
424 22161.692 12522.3086
425 25869.5731 11897.3344
426 25271.1289 13051.9673
427 23394.1913 17877.4522
428 24845.3739 11538.7383
429 24824.2255 15783.0572
430 21098.4351 13886.4956
431 26663.8921 16913.6203
432 24752.2003 14029.385
433 24660.6223 18358.2411
434 27146.243 15941.0923
435 23710.3485 16565.5676
436 29125.5189 13213.4564
437 20224.8162 10641.1973
438 23060.3977 10504.9364
439 22622.7218 14898.0708
440 26152.0925 13362.6476
441 21015.0198 11194.9346
442 21368.4358 17033.0375
443 20164.3544 10694.8309
444 20595.8396 18540.416
445 24083.0637 17772.2275
446 27103.9134 16226.4634
447 25798.8296 14259.6237
448 25733.4243 19701.4425
449 21066.9964 11908.1326
450 26117.181 13753.5038
451 20212.7207 15534.2085
452 29807.5753 10198.612
453 28506.9599 13136.2258
454 21528.2211 12472.5724
455 29264.9217 16271.9922
456 20271.3437 14945.5263
457 29041.3529 14215.7416
458 22962.745 15701.8667
459 22072.1061 14237.0822
460 21494.4108 10754.4392
461 24706.0071 11492.4916
462 21164.6049 13558.758
463 26001.6582 12153.9934
464 21477.4132 13246.5435
465 26727.2481 17390.6317
466 29760.6742 16389.9099
467 29748.9066 13925.6542
468 21642.5758 16163.1283
469 20607.7781 16764.7693
470 23647.6734 19090.7426
471 23718.5454 10097.4063
472 26843.2509 14556.8379
473 21774.9858 13869.3956
474 20437.5879 10997.1146
475 21052.9033 13383.3984
476 22717.7991 13068.4362
477 27829.4625 15333.6444
478 25258.6895 19224.5507
479 28363.3621 19364.2163
480 28816.374 15538.9045
481 22904.2006 14477.823
482 20192.0999 19288.5628
483 24669.5364 18274.0319
484 20230.4218 11512.69
485 24724.2279 15980.0512
486 24408.504 10719.7999
487 20563.378 13023.8943
488 23794.1914 10784.6782
489 25941.9049 11464.8918
490 29425.2515 11888.4775
491 24957.6867 10292.2995
492 25548.2345 17930.3181
493 24902.1815 15380.3149
494 24500.6476 18114.1569
495 24725.9098 14340.9704
496 28456.153 12007.8579
497 25394.9007 10080.9141
498 20819.2389 18336.8436
499 28157.2272 18138.4594
500 23367.4734 19380.0045
501 29679.7564 18287.4478
502 29095.594 15638.6166
503 27461.1168 15026.3858
504 28126.2125 16226.4432
505 20418.6506 10820.6024
506 22857.334 11726.9283
507 26720.5293 17135.2548
508 26595.3464 11323.1505
509 21415.7839 11454.8607
510 22459.8481 10652.3104
511 24575.6102 12203.3208
512 28094.79 13744.2151
513 20334.1931 13369.8624
514 26460.033 13891.7614
515 26475.6541 13242.2936
516 23765.6194 11060.1795
517 29605.0714 10672.1012
518 24663.0631 11854.9768
519 25632.1948 18943.0131
520 26323.5165 17954.5328
521 27266.6765 19794.7819
522 29399.2785 16718.5374
523 28916.6091 13519.6865
524 27197.7666 16173.1816
525 25447.7349 19119.9385
526 23860.1067 14119.5874
527 24993.1064 14333.9371
528 25074.8567 11324.5696
529 26626.4057 15790.2322
530 26123.5595 14890.3735
531 22991.4356 13989.865
532 20376.8235 16525.8024
533 24206.9112 14933.315
534 26599.599 11854.8918
535 20319.6012 13544.5545
536 26342.2714 11519.3447
537 26686.3055 18299.5833
538 26106.4478 12814.0979
539 24929.8539 13375.7319
540 29484.2512 16431.473
541 23340.1438 17995.5959
542 24663.3685 18540.474
543 27768.3608 16217.2029
544 20226.4337 12295.2683
545 23943.4597 19794.0856
546 22431.1891 14636.3969
547 24236.0184 18495.3681
548 21949.6035 11938.4182
549 26768.8371 14964.3644
550 22103.2119 11209.5762
551 20429.8212 11869.7193
552 27412.523 17841.241
553 28361.7197 16407.2483
554 26869.7289 15601.5564
555 22219.0085 17467.7959
556 29052.2422 16812.886
557 25792.7343 12677.9779
558 23984.556 19073.2146
559 25420.7777 15819.8044
560 24609.757 16719.6987
561 26124.0504 18877.975
562 20341.5322 18114.737
563 21218.3599 12175.8826
564 25152.0955 14517.6722
565 20058.7021 17441.1539
566 20054.1072 13557.1879
567 22097.5607 13483.521
568 28619.8516 12071.3194
569 21421.1473 15750.1985
570 29328.5669 15723.6271
571 20876.6349 10901.8557
572 27751.4063 19781.8647
573 24040.5785 14605.9244
574 24449.7631 10528.1574
575 20513.407 13405.1067
576 27312.9802 19633.9604
577 27886.5278 19469.1347
578 21719.7359 17951.5542
579 21326.88 15911.9427
580 25415.0022 19363.55
581 27520.0025 10655.6198
582 26911.286 18744.0395
583 23073.5605 18739.2967
584 27088.4598 19349.5884
585 29046.8695 13776.8136
586 28704.64 10498.2684
587 20162.4265 13856.6302
588 24355.0004 17591.4896
589 23337.6034 18740.5663
590 28677.7986 12074.1689
591 27066.0635 13425.0325
592 21614.9506 11277.2502
593 21534.8798 15487.8402
594 22946.9956 13104.6215
595 21339.856 18662.3922
596 28600.9697 15318.7407
597 29831.608 15234.7214
598 20608.7271 14391.2451
599 27228.2501 13640.6493
600 29868.3105 13620.7026
601 23291.2953 17622.5532
602 23934.7397 18566.0315
603 21288.5222 18535.5174
604 20711.3322 15173.8706
605 29718.5464 15269.0774
606 27723.7241 17720.2486
607 20661.9599 18614.2392
608 27489.0383 18961.3399
609 24543.1208 17742.6066
610 20644.1084 16351.4569
611 29951.3432 15493.3307
612 26892.0866 11520.663
613 20789.0301 12210.1593
614 21240.8315 12687.9968
615 22599.2479 15790.5896
616 28141.1702 12928.3066
617 29176.5855 18685.5414
618 22794.8447 18535.5599
619 20283.136 17841.7268
620 22718.71 11866.1366
621 28009.8922 15531.5498
622 24835.48 15362.3075
623 24481.1915 14854.7284
624 20050.6032 11841.8818
625 25441.3299 16218.5451
626 27173.6791 16094.3543
627 27007.8569 16554.8446
628 22235.2132 17396.6954
629 24422.9155 16130.087
630 28885.1769 13810.5855
631 29059.6805 10350.9294
632 23721.2184 17529.3314
633 23017.2837 10574.7177
634 20524.6349 18564.336
635 29829.44 10168.8399
636 27326.4066 10203.1397
637 20142.8716 19947.8436
638 24143.4594 19612.0231
639 28492.2753 14007.6612
640 27293.794 10577.8625
641 28074.4824 18168.751
642 22127.6521 13121.1883
643 27198.0566 10473.2266
644 25105.9712 10819.2359
645 22459.2761 17987.1368
646 24365.2433 18001.1841
647 21969.7828 18309.142
648 22723.3623 10540.9097
649 28016.9598 12465.6291
650 21360.3209 10713.7123
651 27079.399 16296.3461
652 28454.481 17901.7156
653 21130.2545 15903.6605
654 22085.317 11136.251
655 21275.5117 14568.7653
656 21904.5747 19105.6813
657 23606.2314 18337.404
658 27658.4403 10972.0807
659 23332.4229 11396.8244
660 22405.8878 12417.4427
661 29381.1549 14184.7489
662 29838.8164 10937.2556
663 22778.7169 12601.148
664 21743.2103 17723.2849
665 27724.4926 18251.9465
666 22664.6783 10129.5874
667 22657.8315 19341.0004
668 25940.8177 11953.5277
669 29067.6399 15514.5499
670 21829.5063 11538.2965
671 29307.8531 17896.6904
672 21903.8757 10279.433
673 28149.1992 12678.3588
674 28244.5887 11770.6794
675 26537.1886 15985.1613
676 25398.9384 15806.6191
677 29060.0082 17986.9131
678 24411.1109 19416.2539
679 23827.9153 19711.504
680 22364.2774 11610.7242
681 26519.3752 17624.3301
682 23720.9425 14140.3003
683 22972.0401 17907.8624
684 25014.0264 11188.7942
685 23877.9809 11948.1486
686 28645.034 15791.7122
687 23406.0663 17893.5362
688 26928.8184 17388.0946
689 22471.3794 13719.2262
690 26350.6962 17196.7013
691 25276.5934 16658.0421
692 28123.3243 14502.4745
693 21312.2677 19129.6797
694 29095.7012 18606.4895
695 23205.2091 17337.5091
696 29567.9895 12486.5614
697 28041.4302 14693.5217
698 25765.9575 17144.299
699 27018.4623 18567.0563
700 22807.4103 16869.9825
701 28129.183 13162.6651
702 23816.2287 16499.0767
703 23663.3628 18529.3546
704 24194.5691 16856.974
705 28560.6682 10353.6824
706 25677.3371 19232.6032
707 27239.2688 12805.3839
708 28089.1523 16758.3819
709 28848.3644 17520.1863
710 28048.1712 14715.9694
711 22381.2295 11410.2945
712 29402.2482 10470.657
713 29918.4634 17775.7465
714 27394.149 18779.5816
715 28696.3405 11086.3263
716 21207.0105 19673.3214
717 26736.3034 11838.3311
718 29537.0247 13728.1326
719 23971.1418 16585.2094
720 21684.4582 12943.8716
721 25536.7028 15030.5275
722 26872.4234 15075.947
723 27186.015 18609.3329
724 21658.4454 16805.7508
725 20784.8433 11995.5901
726 22917.9774 11006.2586
727 23038.8218 18912.3746
728 24038.0053 17109.9494
729 27247.7225 13915.0688
730 29649.9775 18051.4357
731 23430.5487 14943.177
732 24850.2189 17741.1906
733 23326.7241 15942.3711
734 29059.0885 16351.5374
735 21041.3937 16058.7067
736 22021.4591 17053.2492
737 21869.9123 10005.1219
738 20805.3071 10164.6695
739 29198.9407 15774.8972
740 26024.2753 19958.2962
741 22550.373 18452.0566
742 24382.3981 17221.4849
743 25684.4152 15084.9044
744 25587.5023 14121.2997
745 21276.4677 17692.1717
746 24886.727 13675.9655
747 29303.6348 18528.7927
748 20424.154 19795.7046
749 28949.9572 16182.5162
750 23659.302 17116.6472
751 20128.156 11024.1807
752 25813.9954 15485.5661
753 21617.243 17329.2645
754 25423.6326 16894.9787
755 26646.4999 19702.4675
756 21298.0015 13852.9867
757 24010.815 14266.2827
758 20367.4096 15093.7994
759 22266.0584 19622.0827
760 22727.7704 16868.3985
761 22829.6915 18468.9894
762 26531.8955 13248.4884
763 29760.3821 11805.2016
764 25378.4769 14937.2461
765 21839.5165 10344.9245
766 27948.8994 12850.8496
767 26303.7044 16000.7439
768 22161.0327 12690.0744
769 22012.2684 10423.0715
770 28339.9757 11172.2376
771 29386.4848 14850.7718
772 24312.6627 18867.0226
773 20041.6421 15114.2197
774 26472.5708 19833.7579
775 24404.7129 18866.3836
776 22758.7658 17683.3079
777 25472.0703 15025.8751
778 23743.4577 16106.8946
779 23843.155 16082.8359
780 23817.8222 19324.3013
781 28596.4285 10345.2025
782 28167.9342 11967.6577
783 26511.9126 14608.6862
784 22291.0383 14240.745
785 26786.5894 14951.903
786 22016.7773 19470.6115
787 26749.3878 18734.6857
788 29429.6248 16375.4355
789 27464.6376 15351.1039
790 28615.5042 12651.3772
791 26050.4636 10014.2729
792 20885.2801 18576.1599
793 25730.6993 13678.4637
794 24408.3635 15878.4058
795 26804.5016 13347.665
796 25319.6411 19131.3642
797 23316.2894 18016.1781
798 20297.7637 11285.3982
799 20342.9252 18511.3103
800 26309.2924 17655.3565
801 25449.8024 19986.0295
802 29216.3511 18219.0961
803 20492.8028 18949.7131
804 22239.8233 11916.4903
805 28379.9993 13826.7454
806 29794.2172 11495.2736
807 23649.3729 13669.5307
808 21583.1661 16702.0446
809 28980.7313 19917.6672
810 28972.2898 15119.5548
811 28280.7582 19548.687
812 22577.2424 15402.2794
813 21809.0826 14679.5316
814 24477.6123 16677.7303
815 23289.717 19800.273
816 21260.307 18915.2437
817 21029.5395 14976.9209
818 23337.0266 13918.4173
819 21757.7134 12066.6213
820 26032.1176 15710.8748
821 26127.251 15861.8849
822 22299.9928 10041.7668
823 27561.6342 18827.6224
824 24992.885 18446.1401
825 27606.8149 15545.1584
826 21958.8432 11087.4451
827 29566.0086 19822.3151
828 27519.7455 19915.2653
829 29815.9974 12362.3477
830 27010.1058 18776.8189
831 29270.1965 15833.7229
832 23124.2136 15489.9216
833 26123.8165 13427.4055
834 21602.5289 17282.6208
835 21609.7659 13946.9476
836 27097.8687 18260.7679
837 25625.3583 10591.3875
838 29084.0869 14168.806
839 21010.3558 19376.845
840 24459.2899 16027.9413
841 28779.3082 17117.3134
842 20037.2492 12751.7224
843 26508.9925 10255.9085
844 25278.2038 18317.7204
845 21644.497 15791.9098
846 25120.7234 19799.1651
847 28505.0383 16065.8698
848 25778.7622 13385.9227
849 23124.5718 12503.6765
850 24413.0389 19347.5095
851 27676.9555 19905.8496
852 27197.0139 16446.6149
853 24069.1833 11129.8316
854 27387.9014 14343.8223
855 22501.4539 18515.6979
856 29078.5517 14575.0409
857 27572.826 18970.8836
858 23321.3059 12263.1304
859 23188.7949 15178.5493
860 29448.015 13843.648
861 29568.189 14022.0007
862 24952.8685 12291.6628
863 26572.0355 14629.8923
864 21372.9224 14090.8757
865 21322.6518 13170.8902
866 27457.9978 10035.7218
867 22234.7435 11723.6877
868 22631.5904 10858.1127
869 29062.3099 13994.3863
870 24421.5252 13873.2376
871 26485.2642 19216.6205
872 22561.5443 11561.0743
873 22473.538 11596.9323
874 23975.4696 14270.1781
875 25187.8993 18557.1007
876 21986.8557 12554.3548
877 28798.2482 19035.1224
878 29574.7454 17407.8256
879 25656.5044 16776.2742
880 21883.4187 13490.7501
881 26101.2449 19910.0267
882 28172.466 12899.4883
883 22735.1573 11549.8529
884 23882.0628 15988.3644
885 29999.1936 18596.6047
886 29166.1326 18678.9152
887 27016.8555 10315.7132
888 21069.4034 14775.1848
889 29455.2675 10236.2209
890 26679.962 12477.3572
891 21160.9754 16775.9077
892 29707.6491 12958.8323
893 23093.2848 10129.0984
894 21731.9377 10030.337
895 24674.8163 14683.7269
896 28553.5902 15197.1215
897 21853.9131 11597.5934
898 27341.4359 10945.242
899 24399.9315 11923.2683
900 24332.4819 17162.0218
901 21275.7892 18179.1705
902 27331.862 16832.843
903 21015.1745 13858.1894
904 28421.7871 15049.4759
905 22233.4395 12578.1725
906 26971.8902 14934.1532
907 21100.291 13808.3599
908 22491.6349 13687.2211
909 28896.0088 18042.4226
910 24197.6883 18142.4895
911 25762.1532 12066.7761
912 29270.7411 17659.1091
913 25203.0476 19069.5526
914 24602.4383 15516.7515
915 28221.0485 11174.3586
916 22977.7672 11440.2701
917 25911.9557 13474.9912
918 27623.7181 15546.3708
919 22782.9326 12055.0564
920 25538.6773 15565.3449
921 26121.0198 13142.1537
922 25500.3595 10154.0258
923 25686.4106 13466.7667
924 22945.002 17192.4178
925 27740.2335 17060.3399
926 26894.1417 14696.6734
927 25617.706 15433.1094
928 28075.4925 16566.2691
929 24427.7329 12973.4202
930 29545.2289 12333.6119
931 22102.5179 16391.7537
932 25281.3566 18190.7367
933 23379.1239 19419.1569
934 24516.2532 11793.3718
935 29493.182 17601.8412
936 22105.3109 13171.6721
937 21530.9846 16434.9253
938 20309.3363 13263.2232
939 25621.3291 16449.9122
940 23605.6326 11526.7773
941 23743.1676 13768.2662
942 21748.5454 17944.2971
943 26567.1456 14697.6626
944 23330.9122 11994.448
945 24018.4144 13558.5189
946 26759.9541 10119.0834
947 24904.4705 16620.4823
948 23285.5278 17809.0106
949 22818.6339 10069.5955
950 29846.2382 10304.4258
951 26906.6196 19581.8427
952 22027.5407 15388.5121
953 26910.9639 19987.2943
954 21076.8695 13396.1718
955 20276.3597 18740.4243
956 28581.0702 13447.6425
957 26210.265 15419.2299
958 28238.4695 10484.4933
959 20210.768 15992.4326
960 25167.0307 16442.3665
961 24556.9722 15214.7737
962 28532.7679 19074.5026
963 29838.6416 19835.1171
964 28791.6869 12041.4057
965 28237.3242 15963.8623
966 21741.4953 10336.1294
967 22540.8963 18470.1428
968 22786.1873 15099.9966
969 29844.4593 17422.0535
970 24131.4119 17045.1083
971 28324.4835 12732.936
972 21997.9106 18037.4065
973 28312.3296 17697.398
974 27770.1603 16521.3708
975 29903.915 10161.8304
976 28138.5591 13936.097
977 24158.8719 17525.124
978 28036.628 11709.5414
979 26975.7625 18172.2351
980 24686.377 19845.4707
981 28488.4535 16208.6683
982 22735.9205 12808.0822
983 27865.2297 15015.54
984 24484.8114 18223.755
985 20905.3221 13516.4246
986 22353.4284 16750.2052
987 21748.0661 17096.2526
988 26984.8546 12896.2245
989 23551.3537 15088.4005
990 24544.9774 15383.8458
991 21842.6726 16069.326
992 29008.9307 14382.7629
993 26829.6556 15002.4741
994 24746.8348 10590.4448
995 21481.2889 15425.3659
996 21804.9442 14539.6479
997 21560.9088 13291.0435
998 22581.1854 15481.7252
999 22444.1968 15156.7624
1000 27027.2457 11281.9793
